cmd: ./matrix_multiply
events: Ir
fl=./csu/../csu/libc-start.c
fn=__libc_start_main@@GLIBC_2.34
128 2
134 3
135 7
138 1
139 2
142 3
143 2
144 11
145 4
242 12
343 3
344 3
369 6
372 2
375 2
382 2
384 2
392 4
fl=./csu/../sysdeps/nptl/libc_start_call_main.h
fn=(below main)
29 9
44 3
46 2
51 2
52 2
55 2
58 7
74 1
fl=./csu/./csu/init-first.c
fn=_init_first
46 4
51 2
55 5
61 1
62 1
63 2
71 2
72 2
fl=./ctype/./ctype/ctype-info.c
fn=__ctype_init
29 1
31 7
33 4
35 4
36 1
fl=./elf/../bits/stdlib-bsearch.h
fn=intel_check_word.constprop.0
27 102
28 51
29 971
31 690
32 345
37 63
fl=./elf/../elf/dl-sysdep.c
fn=_dl_sysdep_start
85 10
86 1
87 1
109 1
110 213
113 2
114 1
119 1
121 132
122 113
125 1
126 1
128 1
131 2
132 1
134 2
135 1
150 2
151 1
153 2
154 1
156 2
157 1
162 2
163 1
178 2
179 1
224 1
227 1
238 3
239 2
241 5
253 3
256 5
258 9
fn=_dl_sysdep_start_cleanup
262 1
263 1
fl=./elf/../elf/dl-tls.c
fn=_dl_add_to_slotinfo
1015 8
1021 1
1024 1
1025 1
1029 3
1063 2
1066 3
1067 3
1070 6
fn=_dl_allocate_tls_init
528 10
529 2
533 2
535 1
536 1
539 2
542 3
554 1
559 18
565 4
568 3
569 2
575 3
576 2
578 9
581 2
582 2
585 2
586 4
588 2
589 2
598 1
606 2
608 8
614 1
620 2
623 2
626 9
fn=_dl_allocate_tls_storage
370 1
374 1
375 1
376 2
379 1
385 2
422 4
424 1
435 1
436 1
437 3
445 4
446 1
450 321
469 1
475 5
fn=_dl_assign_tls_modid
131 2
134 2
147 1
186 1
188 1
191 1
192 2
fn=_dl_count_modids
197 1
199 2
200 1
215 2
fn=_dl_determine_tlsoffset
221 8
222 1
223 1
224 1
227 3
230 2
264 1
266 10
268 5
270 3
271 2
273 2
275 5
286 1
291 8
293 2
294 1
306 1
307 9
309 2
360 8
fn=_dl_tls_static_surplus_init
83 3
97 6
101 6
102 6
108 2
110 4
113 1
115 1
117 3
118 5
fl=./elf/../include/list.h
fn=__tls_init_tp
43 2
44 2
45 1
47 1
fl=./elf/../include/rtld-malloc.h
fn=__minimal_calloc
56 8
fn=_dl_allocate_tls_storage
44 2
56 1
fn=_dl_check_map_versions
44 9
fn=_dl_find_object_init
56 2
fn=_dl_important_hwcaps
56 3
fn=_dl_init_paths
56 3
fn=_dl_map_object_deps
56 6
fn=_dl_new_object
44 12
56 6
fn=init_tls
44 2
fn=open_verify.constprop.0
50 2
fn=open_verify.constprop.1
50 2
fl=./elf/../include/scratch_buffer.h
fn=_dl_map_object_deps
77 3
78 1
85 3
131 6
fl=./elf/../misc/sbrk.c
fn=sbrk
37 5
40 1
58 2
62 2
78 5
fl=./elf/../nptl/nptl-stack.h
fn=__libc_early_init
58 8
fl=./elf/../sysdeps/generic/dl-cache.h
fn=_dl_load_cache_lookup
125 5
194 1
195 5
fl=./elf/../sysdeps/generic/dl-debug.h
fn=dl_main
29 3
30 2
fl=./elf/../sysdeps/generic/dl-hash.h
fn=__rtld_malloc_init_real
43 1
44 1
45 19
48 18
62 24
67 1
72 1
fl=./elf/../sysdeps/generic/dl-protected.h
fn=do_lookup_x
29 184
44 693
fl=./elf/../sysdeps/generic/ldsodefs.h
fn=_dl_relocate_object
138 264
fn=_dl_start
80 3
fn=do_lookup_x
137 184
138 276
fl=./elf/../sysdeps/nptl/dl-mutex.c
fn=__rtld_mutex_init
30 4
37 1
40 7
44 2
45 9
47 6
51 2
52 7
53 4
fl=./elf/../sysdeps/nptl/dl-tls_init_tp.c
fn=__tls_init_tp
68 3
69 1
72 1
75 4
76 2
77 1
82 2
87 4
90 1
93 3
106 4
123 3
130 2
132 1
133 1
134 3
fn=__tls_pre_init_tp
53 3
56 10
61 2
62 1
64 1
fn=rtld_mutex_dummy
42 8
44 16
fl=./elf/../sysdeps/nptl/pthread_early_init.h
fn=__libc_early_init
33 6
34 6
45 2
46 1
52 7
53 1
54 1
57 1
fl=./elf/../sysdeps/posix/dl-fileid.h
fn=_dl_map_object_from_fd
37 10
40 8
49 15
fl=./elf/../sysdeps/unix/sysv/linux/brk.c
fn=brk
35 1
36 3
37 2
43 1
44 1
fl=./elf/../sysdeps/unix/sysv/linux/dl-osinfo.h
fn=dl_main
64 2
fl=./elf/../sysdeps/unix/sysv/linux/dl-sysdep.c
fn=_dl_discover_osversion
46 5
48 3
88 4
103 1
107 1
108 1
110 12
112 6
114 17
116 1
117 4
120 3
121 3
122 3
124 13
129 2
133 5
fn=_dl_sysdep_start
36 2
fl=./elf/../sysdeps/unix/sysv/linux/dl-vdso-setup.h
fn=dl_main
30 3
33 1
36 1
39 1
45 1
fl=./elf/../sysdeps/unix/sysv/linux/dl-vdso.h
fn=dl_main
40 1
41 2
55 2
fl=./elf/../sysdeps/unix/sysv/linux/rseq-internal.h
fn=__tls_init_tp
32 3
34 7
37 2
40 1
fl=./elf/../sysdeps/unix/sysv/linux/x86/cpu-features.c
fn=init_cpu_features.constprop.0
27 6
fl=./elf/../sysdeps/unix/sysv/linux/x86/dl-minsigstacksize.h
fn=get_common_indices.constprop.0
24 2
27 2
28 2
65 3
72 1
74 1
fl=./elf/../sysdeps/x86/cpu-features.c
fn=get_common_indices.constprop.0
325 1
329 4
332 5
336 1
337 4
338 4
339 4
340 3
341 2
348 2
350 9
355 8
362 2
363 7
369 2
384 2
fn=init_cpu_features.constprop.0
303 3
304 2
305 6
310 2
311 6
316 2
317 6
399 7
402 1
403 1
404 1
415 3
418 6
419 1
422 2
424 6
429 1
431 3
433 4
434 15
489 3
503 1
513 11
516 1
555 1
556 1
564 2
571 2
573 1
577 2
583 2
593 1
687 5
688 1
691 2
692 1
698 1
699 1
701 1
706 4
710 3
723 2
724 4
770 1
771 2
775 3
792 2
793 2
795 3
796 2
798 3
799 2
802 2
817 4
819 4
829 2
874 8
fn=update_active.constprop.0
43 7
47 1
55 3
56 3
57 1
65 4
66 1
74 4
75 1
76 3
80 4
83 3
84 1
87 3
88 2
92 8
93 3
94 3
95 1
97 4
98 3
100 2
101 4
104 4
105 4
109 2
113 2
115 4
119 2
121 1
124 2
126 2
130 1
131 1
134 4
140 4
142 4
144 3
149 4
198 3
210 2
211 1
214 4
218 2
222 3
223 2
225 1
226 1
229 2
231 1
234 2
285 3
289 3
296 1
297 8
fl=./elf/../sysdeps/x86/dl-cacheinfo.h
fn=get_common_cache_info.constprop.0
481 9
496 1
497 1
498 2
499 1
505 1
507 8
510 4
521 1
526 3
530 2
535 6
538 23
545 8
548 26
553 2
557 3
558 1
562 6
566 3
569 4
570 1
575 4
581 4
589 7
591 2
593 5
595 12
597 1
598 1
599 9
601 4
604 2
609 1
611 5
612 3
613 1
616 2
619 2
626 1
628 4
629 1
634 2
639 2
640 1
641 2
642 3
643 2
681 4
682 5
686 2
693 1
694 1
695 7
fn=handle_intel.constprop.0
250 96
255 24
261 24
263 12
264 36
266 15
272 60
277 24
279 24
280 12
284 48
286 24
289 60
291 24
294 5
296 2
299 5
301 2
305 3
310 96
fn=init_cpu_features.constprop.0
706 1
708 1
722 2
724 5
725 3
726 4
729 3
731 3
732 1
734 3
736 3
737 1
739 3
741 3
744 3
746 3
748 3
750 4
840 18
863 15
885 2
886 1
893 11
910 4
923 4
931 5
933 2
936 5
938 4
941 5
942 5
946 6
947 3
953 8
956 15
957 9
958 12
961 8
963 8
967 7
970 1
fn=intel_check_word.constprop.0
110 690
113 345
119 104
123 78
125 15
129 156
131 154
133 63
135 126
143 126
152 54
155 120
158 99
162 64
164 186
166 84
168 44
169 32
170 10
172 11
174 22
176 12
177 16
178 12
179 20
180 14
181 12
183 8
184 12
187 21
194 204
202 200
216 51
246 104
fl=./elf/../sysdeps/x86/dl-cet.c
fn=_dl_cet_check
41 2
42 1
44 1
45 1
48 4
49 2
51 1
62 2
252 8
254 8
fl=./elf/../sysdeps/x86/dl-get-cpu-features.c
fn=__x86_cpu_features
39 3
71 3
fn=_dl_x86_init_cpu_features
37 1
39 3
41 1
fl=./elf/../sysdeps/x86/dl-hwcap.h
fn=_dl_important_hwcaps
57 3
fl=./elf/../sysdeps/x86/dl-procinfo.h
fn=_dl_load_cache_lookup
39 2
42 7
fl=./elf/../sysdeps/x86/dl-prop.h
fn=_dl_map_object_from_fd
95 16
100 2
101 4
102 2
103 2
105 14
108 6
109 4
110 4
114 6
118 6
121 6
122 4
126 2
127 8
131 8
132 3
135 6
138 3
139 12
144 6
146 12
151 6
164 6
165 7
166 2
170 3
185 6
187 8
192 2
193 8
198 8
200 8
201 2
203 2
212 6
213 2
fn=dl_main
36 1
37 15
40 5
49 26
53 21
71 3
95 8
100 1
101 2
102 1
103 1
105 9
108 3
109 2
110 2
114 3
118 3
121 3
122 2
126 1
127 4
131 4
132 1
135 2
138 1
139 4
144 2
146 4
151 2
164 2
165 1
166 2
170 3
192 1
193 4
198 4
200 4
201 1
203 2
212 5
213 2
fl=./elf/../sysdeps/x86/get-isa-level.h
fn=_dl_hwcaps_subdirs_active
30 2
31 3
32 3
36 3
39 4
40 4
45 4
48 2
49 3
51 4
52 2
53 2
56 2
59 2
fn=update_active.constprop.0
28 1
30 2
31 2
32 3
36 3
38 1
39 3
40 4
45 4
47 1
48 2
49 3
51 4
52 2
53 2
55 1
56 2
59 2
fl=./elf/../sysdeps/x86_64/dl-hwcaps-subdirs.c
fn=_dl_hwcaps_subdirs_active
29 1
38 3
43 1
48 1
52 1
fl=./elf/../sysdeps/x86_64/dl-machine.h
fn=_dl_fixup
229 10
fn=_dl_relocate_object
71 16
77 8
81 6
87 2
95 6
115 4
117 4
119 10
262 208
283 208
287 208
294 4553
296 765
299 376
300 4
316 2
326 624
422 51
426 68
431 51
440 34
450 255
474 16
484 9
507 4
508 6
509 2
510 4
529 3609
530 1203
534 2406
535 2406
545 128
549 48
552 72
553 24
579 80
581 40
582 40
fn=_dl_start
45 1
71 1
287 21
296 70
299 14
326 47
346 12
347 6
414 1
534 284
535 426
fn=_dl_sysdep_start
215 1
fl=./elf/../sysdeps/x86_64/dl-runtime.h
fn=_dl_fixup
28 10
fl=./elf/../sysdeps/x86_64/dl-trampoline.h
fn=_dl_runtime_resolve_xsave
67 10
72 10
75 10
77 10
87 10
93 10
94 10
95 10
96 10
97 10
98 10
99 10
103 10
104 10
107 10
108 10
110 10
111 10
112 10
113 10
114 10
115 10
117 10
124 10
125 10
126 10
127 10
132 10
133 10
134 10
136 10
137 10
138 10
139 10
140 10
141 10
142 10
144 10
146 10
150 10
152 10
fl=./elf/./dl-find_object.h
fn=_dl_find_object_from_map
95 8
96 8
97 4
103 20
104 110
105 76
107 12
112 4
fl=./elf/./dl-hwcaps.h
fn=_dl_important_hwcaps
54 12
56 8
57 1
88 9
89 8
90 6
fl=./elf/./dl-load.h
fn=_dl_map_object_from_fd
91 16
92 6
94 16
95 5
96 6
97 4
99 4
fl=./elf/./dl-main.h
fn=dl_main
109 5
fl=./elf/./dl-map-segments.h
fn=_dl_map_object_from_fd
28 6
29 18
96 4
102 2
103 6
106 6
107 4
109 4
116 8
119 7
126 2
128 2
136 40
138 24
140 66
141 6
150 32
156 2
157 2
158 10
159 4
166 4
169 4
177 14
178 4
183 4
187 8
190 2
195 8
fl=./elf/./dl-sym-post.h
fn=lookup_malloc_symbol
41 8
53 12
fl=./elf/./dl-tunable-types.h
fn=__GI___tunable_set_val
90 10
fl=./elf/./elf/dl-audit.c
fn=_dl_audit_activity_map
28 6
29 1
30 3
36 6
fn=_dl_audit_activity_nsid
40 18
44 12
45 3
46 12
50 18
fn=_dl_audit_objclose
96 4
97 16
fn=_dl_audit_objopen
76 2
77 8
fn=_dl_audit_preinit
117 1
118 4
fl=./elf/./elf/dl-cache.c
fn=_dl_cache_libcmp
370 30
371 110
373 147
375 51
381 3
382 3
383 43
385 43
387 2
393 96
395 96
396 27
399 39
400 39
403 13
fn=_dl_load_cache_lookup
194 18
208 1
212 8
218 12
219 2
221 5
228 22
230 32
231 18
235 18
239 27
240 18
248 4
250 2
253 2
255 6
257 1
267 2
277 2
278 3
294 2
303 2
306 2
308 3
309 2
314 6
315 4
322 2
343 4
359 8
360 5
362 6
416 10
418 2
421 3
424 5
432 5
433 8
436 7
437 1
444 1
445 2
495 3
498 3
513 2
525 18
526 4
527 1
528 8
fn=_dl_unload_cache
537 2
538 4
540 2
541 1
545 1
547 2
fl=./elf/./elf/dl-call-libc-early-init.c
fn=_dl_call_libc_early_init
27 4
29 2
33 7
37 2
39 4
40 2
41 3
fl=./elf/./elf/dl-debug.c
fn=_dl_debug_initialize
56 1
57 1
59 2
61 1
63 3
64 2
85 2
90 3
91 2
92 1
95 2
96 6
99 2
107 2
fn=_dl_debug_state
116 2
117 2
fn=_dl_debug_update
38 3
40 6
41 3
44 6
48 3
fl=./elf/./elf/dl-deps.c
fn=_dl_map_object_deps
144 6
145 8
146 5
148 3
152 8
159 15
160 22
176 7
177 1
180 1
198 2
199 3
200 2
202 1
204 10
206 4
209 4
213 16
214 25
217 6
221 6
224 16
226 10
231 4
232 2
233 4
237 208
238 99
244 18
246 2
248 8
249 4
258 2
260 4
265 14
268 2
269 2
270 2
271 4
273 2
275 10
279 6
280 3
282 141
298 1
380 6
433 12
435 6
438 4
439 4
445 2
446 10
447 10
450 2
451 2
455 16
457 4
458 17
464 6
465 1
468 4
479 3
481 2
486 5
487 1
488 6
490 18
494 4
499 8
501 9
506 4
509 2
560 2
561 3
598 3
599 2
602 1
613 5
618 8
619 4
623 1
625 1
626 1
627 2
634 3
637 3
640 8
fn=openaux
61 6
64 22
65 2
68 2
69 4
fl=./elf/./elf/dl-environ.c
fn=_dl_next_ld_env_entry
28 2
29 2
32 205
34 134
35 16
37 1
40 2
42 1
45 66
49 1
fl=./elf/./elf/dl-error-skeleton.c
fn=_dl_catch_error
225 10
227 2
228 2
229 2
230 2
232 5
fn=_dl_catch_exception
175 18
178 6
180 6
199 3
200 6
203 6
206 21
208 9
209 6
210 12
219 12
fn=_dl_receive_error
238 6
239 1
240 1
243 1
244 1
246 1
248 1
249 1
250 4
fl=./elf/./elf/dl-find_object.c
fn=_dl_find_object_init
561 4
564 1
566 2
567 3
579 2
580 3
582 2
585 2
590 1
591 1
594 3
596 2
599 6
601 1
604 4
fn=_dlfo_process_initial
474 4
475 2
477 2
478 4
504 24
505 22
506 8
508 28
511 24
513 18
515 6
516 6
517 12
529 2
531 8
fn=_dlfo_sort_mappings
536 1
537 2
540 12
544 4
545 19
546 19
553 8
554 10
555 4
557 1
fl=./elf/./elf/dl-fini.c
fn=_dl_fini
31 9
48 7
51 7
54 2
56 1
59 2
61 6
66 1
68 3
73 17
78 16
80 8
82 8
84 8
85 4
86 4
90 4
92 6
93 6
99 5
108 2
113 18
115 4
117 12
120 8
123 12
124 6
127 4
138 8
139 2
140 4
141 20
142 4
146 6
147 6
153 8
158 4
162 5
168 6
174 2
181 8
fl=./elf/./elf/dl-hwcaps.c
fn=_dl_important_hwcaps
55 16
57 2
58 6
59 2
80 16
82 2
83 16
87 2
89 6
90 2
91 2
103 6
105 2
108 3
111 1
115 4
128 12
130 12
131 8
132 2
133 2
136 2
145 15
146 4
154 2
158 7
159 2
160 3
164 1
165 3
166 2
175 14
176 7
178 2
179 4
204 2
205 3
215 3
216 6
220 19
221 6
222 4
225 3
228 21
230 9
231 4
233 6
234 2
235 6
236 2
238 3
240 4
241 2
242 1
245 5
246 1
249 2
252 3
253 5
256 8
257 3
259 2
260 8
261 4
262 4
272 4
276 10
282 2
283 2
291 3
304 2
306 1
315 2
328 1
331 2
338 1
341 2
344 14
347 17
348 17
349 5
352 12
354 5
359 34
360 8
364 23
367 48
368 72
369 48
371 9
374 3
375 2
376 15
378 6
379 2
381 1
382 7
389 22
390 4
392 8
395 4
401 9
fl=./elf/./elf/dl-hwcaps_split.c
fn=_dl_hwcaps_contains
66 6
67 12
68 6
77 6
fn=_dl_hwcaps_split
25 4
26 3
27 1
47 4
fn=_dl_hwcaps_split_masked
26 42
30 24
34 72
35 12
36 24
41 27
42 18
43 9
45 6
51 55
55 5
56 18
57 27
58 54
62 44
fl=./elf/./elf/dl-init.c
fn=_dl_init
31 30
33 26
77 12
78 1
79 1
82 3
85 2
90 2
115 1
116 17
117 8
123 8
fn=call_init.part.0
26 36
39 12
42 12
43 2
47 6
55 9
56 6
59 3
60 6
66 6
68 4
69 22
70 12
72 24
fl=./elf/./elf/dl-load.c
fn=_dl_dst_count
238 12
241 4
244 4
245 2
264 14
fn=_dl_init_paths
706 13
720 4
725 1
727 2
734 5
735 2
739 4
741 4
747 1
748 1
756 8
758 8
759 4
761 5
762 7
763 7
766 9
767 10
768 18
770 26
776 1
777 1
782 1
785 3
787 4
789 3
806 1
808 3
822 2
825 3
856 1
857 8
fn=_dl_map_object
682 9
696 5
2022 30
2024 2
2030 6
2031 12
2034 42
2039 49
2041 35
2045 12
2046 18
2049 10
2050 6
2051 8
2068 14
2069 6
2077 6
2092 2
2094 10
2098 4
2100 2
2107 4
2111 2
2112 1
2116 3
2117 1
2131 5
2132 10
2133 1
2142 2
2157 3
2164 2
2165 1
2173 1
2187 2
2189 3
2193 3
2195 2
2199 2
2207 3
2230 7
2234 3
2235 2
2252 2
2258 1
2259 4
2260 2
2261 3
2265 6
2268 3
2280 8
2282 4
2326 4
2327 30
2329 27
fn=_dl_map_object_from_fd
944 28
954 6
961 8
999 29
1000 10
1018 4
1046 8
1056 4
1063 16
1064 4
1075 6
1076 8
1077 4
1079 6
1080 8
1081 2
1084 17
1085 6
1096 4
1098 2
1100 44
1101 2
1102 2
1103 2
1104 2
1110 85
1111 213
1117 4
1124 5
1125 6
1126 20
1131 2
1132 1
1137 54
1145 16
1146 60
1147 24
1148 24
1149 16
1151 56
1153 16
1157 16
1158 30
1162 16
1163 64
1173 8
1176 3
1180 4
1181 1
1185 5
1186 2
1189 1
1194 4
1195 4
1201 10
1209 4
1210 2
1213 8
1218 6
1228 36
1229 16
1235 4
1245 8
1252 14
1268 8
1269 6
1275 6
1276 4
1278 4
1288 6
1307 6
1309 10
1361 6
1362 2
1368 76
1369 117
1375 33
1380 8
1393 4
1395 8
1397 4
1413 4
1417 4
1418 4
1435 4
1436 1
1439 4
1444 4
1454 4
1461 12
1462 6
1463 9
1464 3
1465 5
1471 4
1472 4
1477 2
1484 6
1487 8
1506 10
1510 14
1511 8
1515 18
fn=_dl_process_pt_gnu_property
868 4
869 4
870 2
876 4
882 10
885 6
886 4
887 4
930 2
fn=expand_dynamic_string_token
241 3
244 2
385 9
399 2
410 7
fn=open_verify.constprop.0
1568 11
1607 3
1626 5
1628 2
1633 1
1639 1
1640 1
1645 10
1647 2
1649 2
1651 2
1657 2
1674 17
1748 2
1753 2
1755 4
1761 2
1767 5
1768 4
1772 16
1773 9
1789 57
1790 24
1791 8
1795 8
1801 4
1802 32
1812 28
1820 21
1822 2
1823 18
1826 6
1831 1
1832 4
1835 2
1838 3
1839 5
1840 2
1841 3
1842 3
1856 9
fn=open_verify.constprop.1
1568 11
1607 3
1626 5
1628 2
1633 1
1639 1
1640 1
1645 10
1647 2
1649 2
1651 2
1657 2
1674 14
1748 2
1753 2
1755 4
1761 2
1767 5
1768 4
1769 2
1789 70
1790 28
1791 8
1795 8
1796 6
1820 15
1822 2
1823 18
1826 6
1832 4
1856 9
fl=./elf/./elf/dl-lookup-direct.c
fn=_dl_lookup_direct
32 15
33 9
35 6
36 6
48 12
51 6
53 18
57 9
58 21
59 15
74 36
76 6
78 21
79 6
81 12
84 25
86 9
93 6
115 3
116 27
fl=./elf/./elf/dl-lookup.c
fn=_dl_lookup_symbol_x
204 594
580 198
581 5920
582 5524
583 99
840 1386
842 198
843 198
846 99
850 765
852 594
853 198
855 198
859 233
860 1683
865 297
867 42
884 99
885 21
888 198
889 628
896 92
929 368
943 276
944 2
946 276
953 891
1008 184
fn=check_match
70 1196
73 644
78 92
86 460
89 358
93 92
94 184
96 180
115 180
116 720
117 450
144 4
146 12
147 8
162 552
fn=do_lookup_x
171 28
363 1287
364 99
370 99
374 628
377 628
381 1222
385 628
389 628
395 942
399 314
400 314
403 1570
404 942
407 314
408 628
410 314
411 297
412 628
415 1570
418 2198
421 192
422 384
423 192
425 1152
428 1120
430 276
431 1288
432 184
435 276
438 396
452 736
469 8
477 184
528 184
535 716
539 15
551 184
552 92
553 184
570 666
573 7
574 792
fl=./elf/./elf/dl-minimal-malloc.c
fn=__minimal_calloc
78 40
82 8
85 8
86 24
fn=__minimal_free
95 2
97 8
fn=__minimal_malloc
35 105
36 63
41 3
42 2
43 2
47 84
50 139
55 8
56 8
58 2
59 16
61 4
63 4
65 6
68 21
69 23
71 84
fl=./elf/./elf/dl-minimal.c
fn=__rtld_malloc_init_real
76 8
86 2
87 1
89 1
91 6
92 5
93 5
94 4
99 1
100 1
101 1
102 1
103 7
fn=__rtld_malloc_init_stubs
42 1
43 2
44 2
45 2
46 2
47 1
fn=lookup_malloc_symbol
61 28
63 4
64 28
68 28
69 28
71 4
72 20
fl=./elf/./elf/dl-misc.c
fn=_dl_name_match_p
68 84
69 56
70 3
72 14
74 58
75 90
80 15
82 11
83 56
fn=_dl_sysdep_read_whole_file
36 9
39 3
40 2
42 6
44 2
47 2
49 8
60 3
63 7
fl=./elf/./elf/dl-object.c
fn=_dl_add_to_namespace_list
31 18
33 9
35 23
38 20
40 2
42 2
45 2
46 9
47 6
48 6
50 6
51 9
fn=_dl_new_object
59 42
62 6
64 2
66 3
67 2
71 2
77 5
80 4
83 8
87 4
92 5
95 6
98 3
99 3
100 6
103 6
104 21
106 3
119 10
125 1
127 21
130 6
131 8
132 3
136 3
139 66
141 16
149 6
150 3
153 1
155 18
157 8
160 8
164 8
168 12
176 2
179 6
189 9
191 10
195 6
200 8
208 2
212 2
245 8
250 84
251 84
253 4
256 2
259 2
263 27
fl=./elf/./elf/dl-reloc.c
fn=_dl_relocate_object
194 52
204 8
205 12
208 8
210 12
212 4
213 12
232 8
238 20
239 8
242 8
249 16
288 226
291 24
308 14
315 4
318 8
335 12
337 32
343 24
346 8
350 8
351 24
fl=./elf/./elf/dl-runtime.c
fn=_dl_fixup
46 80
48 50
49 30
54 10
55 40
56 70
58 20
63 20
67 20
69 40
71 30
75 30
76 40
84 10
85 30
95 110
99 50
109 100
124 40
133 30
159 30
163 60
fl=./elf/./elf/dl-setup_hash.c
fn=_dl_setup_hash
25 8
28 12
31 12
32 8
33 4
34 4
36 12
37 4
38 12
40 16
41 8
45 12
50 4
fl=./elf/./elf/dl-sort-maps.c
fn=_dl_sort_maps
145 40
186 2
187 32
188 16
223 38
228 4
230 2
231 16
233 18
235 8
238 16
256 4
269 2
276 10
290 22
298 6
302 18
fn=_dl_sort_maps_init
281 2
282 4
283 1
284 3
285 2
fn=dfs_traversal.part.0
140 64
148 8
150 24
152 60
155 20
161 28
176 24
177 8
178 48
fl=./elf/./elf/dl-tunables.c
fn=__GI___tunable_set_val
102 45
111 5
112 25
113 40
116 15
119 10
123 10
130 10
131 10
134 30
135 5
136 5
137 5
157 25
161 5
fn=__GI___tunables_init
71 340
74 134
77 6174
81 134
86 268
273 7
282 9
305 9380
311 14740
323 268
357 8
fn=__tunable_get_val
405 33
408 357
417 43
427 23
428 23
434 165
436 33
fl=./elf/./elf/dl-tunables.h
fn=__GI___tunable_set_val
121 10
122 5
131 20
fn=__GI___tunables_init
140 982
141 2796
fl=./elf/./elf/dl-version.c
fn=_dl_check_all_versions
361 6
363 2
365 17
366 4
367 36
370 7
fn=_dl_check_map_versions
36 24
37 5
38 35
56 28
64 21
70 21
86 7
87 14
89 7
94 217
108 168
110 7
113 58
120 231
124 77
142 4
155 40
156 4
164 4
170 12
172 20
174 8
175 8
177 8
180 6
184 6
200 4
208 6
213 8
217 76
219 7
221 19
224 28
227 21
232 5
236 8
250 9
253 8
256 176
259 132
263 42
267 6
272 3
273 6
274 6
284 3
287 15
289 9
292 8
296 6
299 21
301 28
303 35
304 14
305 21
306 21
309 21
314 5
317 6
327 9
330 8
334 42
336 88
340 42
341 210
342 126
343 42
346 132
350 42
356 36
fl=./elf/./elf/do-rel.h
fn=_dl_relocate_object
49 24
50 8
52 5
53 7
60 24
63 208
65 256
67 120
76 12
77 131
78 80
86 36
88 12
100 18
110 8
113 3620
114 2406
120 24
124 16
126 308
128 500
129 400
130 300
131 400
133 300
135 10
138 2
142 98
145 343
146 12
158 15
159 16
160 6
163 6
165 8
166 2
167 6
175 25
177 42
178 12
180 18
188 6
191 18
205 4
fn=_dl_start
49 4
50 1
86 10
88 4
113 431
114 284
118 4
126 28
128 21
129 14
130 14
fl=./elf/./elf/get-dynamic-info.h
fn=_dl_map_object_from_fd
39 4
43 2
45 170
49 82
54 42
55 28
56 10
58 2
59 10
61 2
62 10
64 10
68 41
72 8
82 7
83 8
84 8
85 8
87 8
92 7
93 7
94 8
97 6
102 2
109 4
110 6
132 6
137 2
139 2
141 2
143 2
147 6
149 3
150 2
159 2
160 3
165 2
169 4
fl=./elf/./elf/libc_early_init.c
fn=__libc_early_init
33 7
35 1
38 2
41 1
47 4
49 2
fl=./elf/./elf/rtld.c
fn=_dl_start
85 8
488 3
489 1
490 6
492 2
501 1
507 4
509 2
527 10
553 1
556 2
557 1
573 56
575 1
588 1
592 2
607 9
fn=dl_main
85 16
92 12
93 2
101 7
205 2
207 1
232 2
233 4
234 4
304 3
310 1
311 2
862 1
864 1
870 1
873 1
875 1
880 1
1140 2
1143 1
1146 1
1148 2
1150 1
1151 1
1166 1
1169 37
1170 90
1174 3
1179 3
1180 9
1189 2
1190 2
1192 1
1199 3
1211 1
1217 1
1225 4
1226 12
1227 4
1228 1
1230 6
1231 6
1235 4
1236 4
1237 2
1238 6
1239 1
1243 6
1271 2
1275 4
1277 1
1281 20
1282 46
1288 10
1294 3
1297 4
1299 3
1301 2
1320 14
1325 1
1326 1
1332 1
1348 3
1349 4
1627 10
1629 2
1630 2
1631 2
1632 3
1636 3
1637 2
1662 3
1663 6
1664 3
1665 3
1668 1
1670 1
1671 1
1673 2
1674 2
1678 2
1680 2
1688 3
1695 2
1698 2
1723 9
1731 4
1733 1
1738 2
1741 4
1742 4
1743 2
1744 1
1745 1
1746 1
1751 2
1752 3
1764 2
1765 2
1767 2
1769 1
1770 3
1775 5
1776 5
1778 4
1784 2
1786 3
1793 2
1797 1
1798 2
1822 2
1828 2
1829 1
1830 1
1834 3
1839 3
1841 1
1843 2
1847 5
1852 2
1868 6
1944 4
1948 19
1949 1
1952 3
1953 1
1954 2
1955 2
1960 3
1970 8
1976 19
1977 11
1980 4
1981 3
1982 1
1984 11
1985 13
1995 2
1997 3
1998 2
2000 2
2002 3
2004 3
2005 1
2006 2
2018 2
2019 2
2020 3
2031 4
2032 4
2033 5
2043 2
2044 2
2045 4
2047 2
2052 3
2282 3
2331 1
2338 2
2342 2
2348 2
2351 2
2359 2
2361 2
2415 3
2418 1
2422 1
2423 26
2425 8
2430 8
2432 10
2434 1
2435 1
2438 4
2440 12
2441 24
2445 10
2446 3
2454 2
2459 4
2461 1
2468 3
2471 2
2481 3
2483 4
2493 1
2498 2
2501 1
2507 1
2508 5
2516 3
2523 1
2527 3
2532 3
2533 1
2534 1
2535 1
2539 1
2544 8
2677 3
2679 1
2683 6
2685 11
2687 1
2689 41
2690 7
2698 7
2719 2
2726 6
2728 2
2729 1
2818 1
2829 1
2845 4
2877 2
fn=handle_preload_list
191 3
831 1
835 1
836 2
837 1
839 1
841 7
842 3
850 3
894 12
895 3
899 5
902 4
903 3
905 5
906 2
912 1
914 2
916 2
917 1
920 9
fn=init_tls
756 3
758 2
762 3
768 2
771 1
772 1
773 1
777 1
779 1
783 2
784 2
785 12
786 4
787 8
791 3
793 1
795 3
798 2
801 1
808 2
809 2
815 2
818 8
821 1
822 1
825 5
fn=map_doit
663 3
665 4
666 6
668 2
fn=version_check_doit
696 3
698 6
702 2
fl=./elf/./get-dynamic-info.h
fn=_dl_start
45 75
49 36
54 21
55 14
56 5
58 1
59 5
61 1
62 5
64 5
68 19
72 3
82 4
83 4
84 4
85 4
87 4
92 4
93 4
94 4
97 3
102 2
109 3
110 3
118 2
119 2
124 3
127 3
fn=dl_main
39 3
43 1
45 103
49 50
54 25
55 17
56 5
58 1
59 5
61 1
62 5
64 5
68 25
72 5
82 3
83 4
84 4
85 4
87 4
92 4
93 4
94 5
97 3
102 2
109 2
110 3
132 3
147 3
149 3
150 2
159 2
160 3
165 2
169 2
fl=./elf/./setup-vdso.h
fn=dl_main
24 2
fl=./io/../sysdeps/unix/sysv/linux/access.c
fn=access
25 1
27 7
31 1
fl=./io/../sysdeps/unix/sysv/linux/close_nocancel.c
fn=__GI___close_nocancel
25 3
26 12
27 3
fl=./io/../sysdeps/unix/sysv/linux/fstat64.c
fn=fstat
29 8
30 8
35 12
fl=./io/../sysdeps/unix/sysv/linux/fstatat64.c
fn=fstatat
98 8
153 8
168 12
169 4
fl=./io/../sysdeps/unix/sysv/linux/open64_nocancel.c
fn=__open_nocancel
28 12
31 21
39 21
41 3
fl=./io/../sysdeps/unix/sysv/linux/pread64_nocancel.c
fn=__pread64_nocancel
25 8
26 16
27 4
fl=./io/../sysdeps/unix/sysv/linux/read_nocancel.c
fn=__read_nocancel
25 2
26 8
27 2
fl=./io/../sysdeps/unix/sysv/linux/write.c
fn=write
25 5
26 35
27 5
fl=./libio/../include/sys/sysmacros.h
fn=_IO_file_doallocate
47 6
fl=./libio/./libio/filedoalloc.c
fn=_IO_file_doallocate
78 9
84 9
86 4
89 2
91 2
94 2
97 4
101 3
102 2
104 4
105 1
106 8
fl=./libio/./libio/fileops.c
fn=_IO_do_write@@GLIBC_2.2.5
423 33
425 30
426 27
433 6
440 12
443 3
448 15
449 15
451 9
452 6
453 3
454 6
455 12
fn=_IO_file_overflow@@GLIBC_2.2.5
731 125
732 100
739 121
742 4
744 4
745 12
754 6
763 6
765 2
766 2
767 4
768 6
770 6
771 10
772 2
774 50
775 12
776 29
777 38
780 57
781 57
782 76
786 19
787 94
fn=_IO_file_setbuf@@GLIBC_2.2.5
381 3
382 3
385 1
387 3
389 2
390 2
fn=_IO_file_stat
1146 1
1147 2
fn=_IO_file_sync@@GLIBC_2.2.5
792 5
797 4
799 1
800 2
811 2
815 4
fn=_IO_file_write@@GLIBC_2.2.5
1173 35
1175 40
1179 15
1180 15
1181 10
1186 5
1187 5
1189 15
1190 15
1193 30
fn=_IO_file_xsputn@@GLIBC_2.2.5
433 4
440 8
443 8
448 12
449 12
451 6
452 4
453 2
454 4
455 8
1197 80
1203 40
1204 10
1210 40
1212 34
1213 14
1216 133
1218 165
1220 3
1227 9
1231 12
1233 7
1235 28
1236 7
1237 21
1239 14
1243 36
1249 12
1250 34
1252 12
1255 4
1256 4
1263 18
1264 4
1266 3
1267 90
fl=./libio/./libio/genops.c
fn=_IO_cleanup
786 6
787 11
790 12
799 9
801 6
807 13
815 5
817 2
819 4
820 1
824 5
826 3
830 5
831 8
838 3
842 9
843 2
863 11
866 3
878 12
fn=_IO_default_setbuf
330 5
332 4
337 2
452 9
453 5
455 4
457 3
458 2
462 1
466 4
467 1
468 6
fn=_IO_default_xsputn
371 13
374 2
375 1
379 54
399 92
401 10
404 8
fn=_IO_doallocbuf
330 1
332 4
337 2
343 8
344 4
346 11
347 5
349 2
350 8
fn=_IO_flush_all_lockp
686 12
687 1
691 6
692 11
695 12
697 3
698 6
701 21
709 6
711 3
715 9
716 2
720 12
fn=_IO_setb
329 9
330 4
332 1
335 6
338 4
fn=__overflow
199 27
201 27
203 27
204 18
fl=./libio/./libio/iofwrite.c
fn=fwrite
31 16
32 4
35 4
37 34
38 9
39 12
45 12
46 2
49 18
fl=./libio/./libio/libioP.h
fn=_IO_cleanup
940 4
942 2
943 2
fn=_IO_default_setbuf
940 3
942 2
943 2
fn=_IO_default_xsputn
940 3
942 20
943 20
fn=_IO_do_write@@GLIBC_2.2.5
940 12
942 6
943 6
fn=_IO_doallocbuf
940 3
942 2
943 2
fn=_IO_file_doallocate
940 3
942 2
943 2
fn=_IO_file_xsputn@@GLIBC_2.2.5
940 18
942 16
943 16
fn=_IO_flush_all_lockp
940 4
fn=__overflow
940 27
942 18
943 18
fn=fwrite
883 4
884 16
940 6
942 4
943 4
fl=./libio/./libio/vtables.c
fn=check_stdfiles_vtables
83 1
84 4
85 3
86 3
88 1
fl=./malloc/./malloc/arena.c
fn=free
162 9018
fn=malloc
162 6014
315 1
fn=ptmalloc_init.part.0
313 6
318 1
343 2
347 3
352 4
353 4
354 4
355 4
356 4
357 4
358 4
360 4
361 4
362 4
365 4
366 4
367 2
430 7
fn=sysmalloc
565 83
fl=./malloc/./malloc/malloc.c
fn=_int_free
2012 9069
3181 8
3183 16
3184 4
3185 8
4421 33297
4431 9081
4437 15135
4438 6054
4442 12108
4449 6054
4450 21189
4453 4
4459 12
4479 20
4482 4
4493 6046
4569 6046
4572 3023
4575 15115
4578 3023
4582 9069
4585 6046
4590 9069
4593 6046
4594 6046
4595 6046
4601 6046
4602 2976
4603 2976
4604 2976
4605 11904
4607 5952
4610 6046
4615 6044
4616 46
4617 46
4619 2999
4627 3022
4628 12088
4629 6044
4631 3022
4633 6044
4635 9066
4638 3022
4639 3022
4641 9066
4642 3022
4653 1
4654 3
4655 2
4672 6046
4673 7857
4676 7857
4678 13095
4680 6
4692 9069
4702 33297
fn=_int_malloc
1343 6016
1362 15040
2005 9024
3181 60
3183 40
3771 27072
3811 6016
3838 6016
3843 3
3845 15
3853 9
3901 6010
3903 4
3904 11
3906 12
3963 105137
3964 9012
3982 15037
3983 9024
3984 9024
3988 3008
3993 20
3994 12092
3996 20
3997 80
3998 20
4000 40
4001 60
4003 20
4004 80
4006 80
4008 40
4009 40
4011 40
4022 80
4025 40
4053 20
4054 20
4058 40
4061 12032
4067 60
4087 40
4095 100
4096 80
4097 20
4100 40
4103 36
4105 72
4106 36
4118 90
4119 36
4125 18
4128 36
4138 18
4139 36
4144 6
4147 120
4149 80
4150 20
4151 20
4156 40
4157 40
4158 60
4166 60
4183 6016
4185 12016
4188 9012
4256 6016
4257 6016
4258 6016
4259 6016
4260 9024
4265 6016
4269 9047
4272 45
4369 3008
4370 6016
4372 6016
4375 9190
4377 2925
4378 5850
4379 2925
4380 23400
4382 5850
4385 2925
4392 249
4397 6016
4399 60
4407 415
4408 166
4413 27072
fn=free
3352 12024
3356 6012
3364 6012
3366 3006
3368 9018
3385 9018
3391 6012
3394 3006
3395 12024
fn=malloc
1343 6014
1362 15035
3241 4
3287 18042
3294 6014
3304 9021
3306 12028
3309 6014
3310 4
3311 12
3319 9021
3321 12028
3322 15035
3347 15035
fn=ptmalloc_init.part.0
1966 385
1969 381
1977 1
1978 1
1980 1
3162 7
fn=sysmalloc
2028 252
2548 747
2568 332
2579 166
2580 249
2606 83
2607 249
2608 83
2610 124
2617 906
2623 249
2626 249
2687 166
2696 332
2709 249
2713 3
2717 415
2725 166
2727 166
2728 249
2729 166
2730 83
2733 166
2746 84
2752 168
2754 63
2758 21
2762 42
2764 166
2765 2
2766 373
2772 393
2773 244
2775 46
2802 21
2815 3
2837 2
2838 7
2840 2
2841 4
2853 3
2867 42
2886 42
2895 22
2896 88
2897 26
2908 44
2915 42
2916 63
2924 21
2926 21
2931 42
2933 105
2941 187
2942 83
2946 103
2947 166
2950 166
2952 83
2953 83
2954 83
2955 664
2956 166
2958 166
2964 913
fn=sysmalloc_mmap_fallback.constprop.0
2028 84
2508 189
2512 21
2515 42
2516 5
2519 42
2523 42
2524 21
2526 189
2529 42
2533 42
2540 21
2542 21
2544 147
fn=systrim.constprop.0
2977 6
2986 6
2988 2
2989 4
2990 2
2994 6
2995 2
2998 10
3000 4
3040 8
fn=tcache_init.part.0
3235 3
3244 8
3245 4
3246 2
3254 4
3261 2
3263 2
3264 88
3267 4
fn=unlink_chunk.constprop.0
1626 2999
1628 14995
1631 14995
1632 2999
1634 11996
1637 2999
1638 2999
1639 14995
1641 6
1642 18
1645 6
1647 2
1648 2
1659 2
1660 4
1663 5998
fl=./malloc/./malloc/morecore.c
fn=__glibc_morecore
25 168
26 168
27 21
29 84
30 168
34 168
fl=./malloc/./malloc/scratch_buffer_set_array_size.c
fn=__libc_scratch_buffer_set_array_size
30 20
34 2
35 4
45 4
46 2
63 8
fl=./misc/../sysdeps/unix/syscall-template.S
fn=mprotect
117 25
122 5
fn=munmap
117 5
122 1
fl=./misc/../sysdeps/unix/sysv/linux/brk.c
fn=brk
35 84
36 336
37 168
39 42
40 42
43 63
44 63
fl=./misc/../sysdeps/unix/sysv/linux/mmap64.c
fn=mmap
47 66
50 66
58 132
60 33
fl=./misc/./misc/init-misc.c
fn=__init_misc
30 5
31 5
33 3
37 5
38 3
40 4
fl=./misc/./misc/sbrk.c
fn=sbrk
37 420
40 168
43 168
58 168
59 4
60 21
62 168
63 2
66 332
74 249
78 420
fl=./nptl/../sysdeps/unix/sysv/linux/x86/elision-conf.c
fn=__lll_elision_init
96 6
101 5
103 4
105 4
107 4
109 4
113 3
114 1
115 6
fl=./nptl/./nptl/alloca_cutoff.c
fn=__libc_alloca_cutoff
27 1
28 9
35 1
fl=./nptl/./nptl/libc-cleanup.c
fn=__libc_cleanup_pop_restore
39 5
42 10
44 10
45 10
47 5
fn=__libc_cleanup_push_defer
24 5
27 10
30 20
31 5
33 5
34 5
fl=./nptl/./nptl/pthread_mutex_conf.c
fn=__pthread_tunables_init
50 6
51 5
53 4
55 6
fl=./nptl/./nptl/pthread_mutex_lock.c
fn=pthread_mutex_lock@@GLIBC_2.2.5
44 1
45 8
46 1
77 3
80 3
82 1
84 2
88 2
97 2
108 4
112 1
115 2
130 3
131 2
167 1
170 1
172 1
175 1
177 1
178 3
fl=./nptl/./nptl/pthread_mutex_unlock.c
fn=pthread_mutex_unlock@@GLIBC_2.2.5
39 1
40 5
41 2
51 3
52 2
57 2
62 1
65 1
70 1
74 2
80 4
84 3
87 3
367 2
369 2
fl=./posix/../malloc/dynarray-skeleton.c
fn=__unregister_atfork
243 2
fl=./posix/../sysdeps/unix/syscall-template.S
fn=uname
120 5
122 1
fl=./posix/../sysdeps/unix/sysv/linux/_exit.c
fn=_Exit
27 2
30 3
31 2
fl=./posix/./posix/getopt.c
fn=__posix_getopt
736 9
fn=_getopt_internal
705 2
708 6
709 1
711 5
715 2
716 3
717 3
719 2
720 2
fn=_getopt_internal_r
390 3
391 1
394 3
399 2
404 4
405 2
409 1
473 11
474 1
476 2
479 4
481 6
486 1
487 3
492 2
498 3
500 3
503 3
527 2
531 2
548 2
550 2
699 9
fl=./posix/./posix/register-atfork.c
fn=__unregister_atfork
65 4
76 6
77 8
103 8
104 4
fl=./resource/../sysdeps/unix/sysv/linux/getrlimit64.c
fn=getrlimit
38 2
39 7
40 1
fl=./setjmp/../sysdeps/x86_64/bsd-_setjmp.S
fn=_setjmp
28 1
30 1
32 1
fl=./setjmp/../sysdeps/x86_64/setjmp.S
fn=__sigsetjmp
30 4
32 4
41 4
42 8
43 4
47 4
48 4
49 4
50 4
51 4
53 8
55 4
56 4
57 4
59 8
61 4
66 1
67 1
69 3
72 3
73 3
80 3
81 3
84 1
fl=./setjmp/./setjmp/sigjmp.c
fn=__sigjmp_save
28 3
29 1
30 2
34 3
fl=./stdio-common/../include/../locale/localeinfo.h
fn=__printf_fp_l
315 3
fl=./stdio-common/../include/rounding-mode.h
fn=__printf_fp_l
52 4
58 2
fl=./stdio-common/../libio/libioP.h
fn=__vfprintf_internal
940 12
942 24
943 16
fl=./stdio-common/../sysdeps/generic/get-rounding-mode.h
fn=__printf_fp_l
94 1
95 7
fl=./stdio-common/../sysdeps/pthread/allocalim.h
fn=__printf_fp_l
27 2
29 5
fl=./stdio-common/./stdio-common/_itoa.c
fn=_itoa_word
163 4
166 8
168 4
177 284
186 4
fl=./stdio-common/./stdio-common/printf-parse.h
fn=__vfprintf_internal
88 3
111 24
fl=./stdio-common/./stdio-common/printf.c
fn=printf
28 47
32 18
33 18
37 15
fl=./stdio-common/./stdio-common/printf_fp.c
fn=__printf_fp
1278 3
1279 4
fn=__printf_fp_l
216 16
233 1
234 1
257 1
260 2
266 6
274 1
277 3
280 2
298 3
306 1
387 2
388 2
392 2
396 17
432 5
433 1
434 2
437 18
438 16
439 16
445 1
446 2
449 1
459 1
460 7
463 3
467 4
471 4
472 1
474 6
475 9
476 2
477 5
479 2
484 13
488 77
490 4
493 3
503 1
534 2
535 5
551 9
554 6
555 4
556 5
557 4
560 13
562 26
563 2
569 2
573 12
577 3
579 2
605 1
608 8
624 3
626 3
627 6
629 6
643 2
813 1
831 3
841 6
843 2
847 2
848 1
853 2
855 1
856 6
857 1
858 1
859 4
861 3
863 2
883 2
901 3
915 7
916 1
922 1
932 18
933 5
936 3
939 9
942 12
944 1
946 6
948 3
960 3
961 4
962 21
963 24
965 6
966 18
967 6
969 24
978 3
979 5
981 8
1003 3
1007 1
1008 6
1013 2
1017 2
1028 2
1097 3
1107 3
1120 3
1166 7
1168 7
1170 8
1175 3
1177 2
1180 5
1188 3
1195 3
1200 4
1202 4
1203 2
1207 4
1209 3
1220 16
1227 39
1228 27
1229 4
1230 16
1233 16
1237 6
1254 153
1257 3
1268 3
1272 12
fn=hack_digit
170 36
173 27
175 27
177 18
183 18
187 72
189 36
190 9
192 18
193 54
200 18
204 27
205 18
206 40
210 45
fl=./stdio-common/./stdio-common/vfprintf-internal.c
fn=__vfprintf_internal
127 99
192 8
239 56
351 3
352 3
354 2
1180 36
1210 15
1214 3
1218 14
1222 15
1233 6
1240 3
1244 18
1248 3
1259 30
1260 39
1263 12
1267 9
1271 24
1291 3
1292 3
1293 3
1294 3
1295 3
1298 3
1299 3
1300 3
1301 3
1302 3
1303 3
1306 3
1307 6
1313 45
1352 9
1392 4
1463 2
1499 2
1501 6
1516 178
1517 4
1532 14
1535 34
1555 25
1556 2
1559 2
1564 2
1583 3
1589 3
1593 12
1595 9
1608 33
1609 12
1611 3
1612 36
fl=./stdlib/../sysdeps/ieee754/dbl-64/dbl2mpn.c
fn=__mpn_extract_double
33 3
35 1
37 3
38 5
47 3
56 3
103 2
107 2
fl=./stdlib/../sysdeps/unix/sysv/linux/getrandom.c
fn=getrandom
28 1
29 7
30 1
fl=./stdlib/../sysdeps/x86_64/lshift.S
fn=__mpn_lshift
28 1
29 1
30 1
32 1
33 1
34 1
46 1
47 1
48 1
49 1
50 1
51 1
52 1
58 1
59 1
60 1
fl=./stdlib/../sysdeps/x86_64/mul_1.S
fn=__mpn_mul_1
31 9
32 9
35 9
36 9
37 9
38 9
39 9
41 9
42 9
44 9
45 9
46 9
47 9
48 9
50 9
51 9
52 9
53 9
122 9
124 9
127 9
fl=./stdlib/../sysdeps/x86_64/rshift.S
fn=__mpn_rshift
28 2
29 2
30 2
31 2
44 2
45 2
61 2
62 2
63 2
64 2
65 2
66 2
67 2
72 2
73 2
74 2
75 2
76 2
fl=./stdlib/./stdlib/cmp.c
fn=__mpn_cmp
31 1
35 2
37 1
38 1
39 2
47 5
fl=./stdlib/./stdlib/cxa_atexit.c
fn=__cxa_atexit
41 2
43 6
44 2
46 2
53 3
55 1
56 2
58 1
59 4
60 1
69 9
71 6
fn=__new_exitfn
82 5
83 2
88 2
93 8
95 4
103 1
124 1
125 2
138 1
139 1
143 5
fl=./stdlib/./stdlib/cxa_finalize.c
fn=__cxa_finalize
30 18
33 12
36 12
40 12
94 14
98 12
105 4
106 4
107 8
108 16
fl=./stdlib/./stdlib/cxa_thread_atexit_impl.c
fn=__call_tls_dtors
149 4
150 4
168 4
fl=./stdlib/./stdlib/divrem.c
fn=__mpn_divrem
46 117
47 9
49 18
62 9
63 9
65 18
72 99
73 27
76 18
79 9
234 81
fl=./stdlib/./stdlib/exit.c
fn=__run_exit_handlers
40 11
45 2
46 2
48 5
56 1
58 3
62 1
66 6
68 2
71 7
98 1
105 2
106 1
107 1
109 2
112 4
113 3
114 4
124 2
125 2
131 4
133 2
134 9
136 2
fn=exit
142 4
143 4
fl=./stdlib/./stdlib/rand_r.c
fn=rand_r
26 2000000
30 2000000
31 2000000
34 2000000
35 2000000
36 4000000
37 8000000
39 2000000
40 2000000
41 2000000
42 6000000
44 2000000
47 2000000
fl=./string/../include/rtld-malloc.h
fn=strdup
56 4
fl=./string/../sysdeps/x86/cacheinfo.c
fn=__x86_cacheinfo
86 3
fl=./string/../sysdeps/x86/cacheinfo.h
fn=__x86_cacheinfo
61 1
64 3
66 3
67 1
73 3
75 3
76 1
80 2
82 2
83 2
84 2
86 2
fl=./string/../sysdeps/x86_64/memcmp.S
fn=bcmp
22 1
27 1
28 1
29 1
30 1
31 1
32 1
33 1
34 1
37 1
38 1
39 1
40 1
41 1
42 1
43 1
44 1
45 1
47 1
48 1
65 1
66 1
83 1
84 1
85 1
86 1
87 1
91 1
93 1
94 1
98 1
138 1
139 1
140 1
141 1
142 1
143 1
144 1
145 1
146 1
147 1
148 1
149 1
150 1
fl=./string/../sysdeps/x86_64/multiarch/../strchr.S
fn=index
23 14
24 14
25 14
26 14
27 14
28 14
29 14
30 14
31 14
32 14
33 14
34 14
35 14
36 14
37 14
38 14
39 14
40 14
41 12
45 12
46 12
47 12
48 12
50 12
54 2
55 2
56 2
57 2
58 2
59 2
60 2
61 2
62 2
63 2
64 2
65 2
66 2
67 2
68 2
69 2
70 2
71 2
72 2
73 2
74 2
75 2
76 2
77 2
129 2
133 2
134 2
135 2
136 2
138 2
fl=./string/../sysdeps/x86_64/multiarch/ifunc-avx2.h
fn=memrchr
32 2
33 5
34 3
36 2
37 2
40 3
43 4
fn=rindex
32 2
33 5
34 3
36 2
37 2
40 3
43 4
fn=strchrnul
32 2
33 5
34 3
36 2
37 2
40 3
43 4
fn=strlen
32 2
33 5
34 3
36 2
37 2
40 3
43 4
fn=strnlen
32 4
33 10
34 6
36 4
37 4
40 6
43 8
fl=./string/../sysdeps/x86_64/multiarch/ifunc-evex.h
fn=memchr
34 2
35 5
36 3
38 2
39 2
41 2
47 3
50 4
fn=rawmemchr
34 2
35 5
36 3
38 2
39 2
41 2
47 3
50 4
fl=./string/../sysdeps/x86_64/multiarch/ifunc-memcmp.h
fn=bcmp
34 4
35 3
36 2
37 3
39 2
40 2
43 3
46 3
fl=./string/../sysdeps/x86_64/multiarch/ifunc-memmove.h
fn=memcpy@@GLIBC_2.14
52 2
53 3
56 3
57 2
70 2
72 2
80 2
88 2
90 5
fn=memmove
52 4
53 6
56 6
57 4
70 4
72 4
80 4
88 4
90 10
fn=mempcpy
52 2
53 3
56 3
57 2
70 2
72 2
80 2
88 2
90 5
fl=./string/../sysdeps/x86_64/multiarch/ifunc-memset.h
fn=memset
50 5
53 3
54 2
60 2
69 2
71 2
81 2
89 2
91 5
fl=./string/../sysdeps/x86_64/multiarch/ifunc-sse4_2.h
fn=strcspn
30 5
fn=strpbrk
30 5
fn=strspn
30 5
fl=./string/../sysdeps/x86_64/multiarch/ifunc-strcasecmp.h
fn=strcasecmp
32 5
fn=strcasecmp_l
32 5
fn=strncasecmp
32 5
fn=strncasecmp_l
32 5
fl=./string/../sysdeps/x86_64/multiarch/ifunc-strcpy.h
fn=stpcpy
36 4
37 3
39 2
40 2
43 3
46 3
fn=stpncpy
36 4
37 3
39 2
40 2
43 3
46 3
fn=strcat
36 4
37 3
39 2
40 2
43 3
46 3
fn=strcpy
36 4
37 3
39 2
40 2
43 3
46 3
fn=strncpy
36 4
37 3
39 2
40 2
43 3
46 3
fl=./string/../sysdeps/x86_64/multiarch/memchr.c
fn=memchr
29 2
fl=./string/../sysdeps/x86_64/multiarch/memcmp.c
fn=bcmp
29 3
fl=./string/../sysdeps/x86_64/multiarch/memcpy.c
fn=memcpy@@GLIBC_2.14
29 1
fl=./string/../sysdeps/x86_64/multiarch/memmove-vec-unaligned-erms.S
fn=__memcpy_avx_unaligned_erms
307 2
308 2
314 10
315 10
357 10
358 10
360 7
361 7
363 4
367 4
368 3
369 3
370 3
371 3
375 3
377 3
383 1
384 1
385 1
386 1
387 1
394 3
395 3
396 3
397 3
399 3
416 3
417 3
418 3
419 3
420 3
fn=__mempcpy_avx_unaligned_erms
294 8
295 8
296 8
297 8
fn=memcpy
212 14
213 14
219 24
220 24
222 13
223 13
224 13
226 9
227 9
228 9
230 9
360 11
361 11
363 6
367 6
368 3
369 3
370 3
371 3
372 2
373 2
375 3
377 3
383 3
384 3
385 3
386 3
387 3
416 5
417 5
418 5
419 5
420 5
427 4
428 4
429 4
430 4
431 4
432 4
433 4
444 4
445 4
447 4
448 4
449 4
fn=mempcpy
199 10
200 10
201 10
202 10
fl=./string/../sysdeps/x86_64/multiarch/memmove.c
fn=memmove
29 2
fl=./string/../sysdeps/x86_64/multiarch/mempcpy.c
fn=mempcpy
33 1
fl=./string/../sysdeps/x86_64/multiarch/memrchr.c
fn=memrchr
29 3
fl=./string/../sysdeps/x86_64/multiarch/memset-vec-unaligned-erms.S
fn=memset
125 7
126 35
132 7
133 7
134 6
135 6
204 4
205 4
207 4
283 6
284 6
289 6
292 6
293 6
296 2
297 2
310 2
311 2
313 2
316 1
319 2
322 28
323 28
324 28
325 28
326 28
327 28
328 28
331 2
332 2
333 2
334 2
339 2
368 1
369 1
370 1
402 1
403 1
404 1
fl=./string/../sysdeps/x86_64/multiarch/memset.c
fn=memset
29 1
fl=./string/../sysdeps/x86_64/multiarch/rawmemchr.c
fn=rawmemchr
31 2
fl=./string/../sysdeps/x86_64/multiarch/stpcpy.c
fn=stpcpy
33 3
fl=./string/../sysdeps/x86_64/multiarch/stpncpy.c
fn=stpncpy
31 3
fl=./string/../sysdeps/x86_64/multiarch/strcasecmp.c
fn=strcasecmp
31 2
fl=./string/../sysdeps/x86_64/multiarch/strcasecmp_l.c
fn=strcasecmp_l
31 2
fl=./string/../sysdeps/x86_64/multiarch/strcat.c
fn=strcat
29 3
fl=./string/../sysdeps/x86_64/multiarch/strchr-avx2.S
fn=__strchrnul_avx2
51 6
53 6
54 6
55 6
56 6
57 6
60 6
61 6
65 6
66 6
67 6
68 6
69 6
70 6
71 6
72 6
78 6
79 12
fl=./string/../sysdeps/x86_64/multiarch/strchr.c
fn=index
40 2
41 4
42 3
44 2
45 2
48 3
51 3
61 3
fl=./string/../sysdeps/x86_64/multiarch/strchrnul.c
fn=strchrnul
31 3
fl=./string/../sysdeps/x86_64/multiarch/strcmp.c
fn=strcmp
41 4
42 3
44 2
49 3
52 3
65 2
fl=./string/../sysdeps/x86_64/multiarch/strcpy.c
fn=strcpy
29 3
fl=./string/../sysdeps/x86_64/multiarch/strcspn.c
fn=strcspn
29 2
fl=./string/../sysdeps/x86_64/multiarch/strlen-avx2.S
fn=__strlen_avx2
50 1
63 1
64 1
65 1
68 1
70 1
71 1
74 1
75 1
83 1
84 1
85 1
90 2
fl=./string/../sysdeps/x86_64/multiarch/strlen-vec.S
fn=strlen
41 13
85 13
86 13
87 13
88 13
89 13
90 13
91 13
93 13
95 13
126 13
127 13
128 13
129 13
130 13
131 7
133 7
137 6
138 6
139 6
140 6
141 6
142 6
143 6
144 6
145 6
146 6
147 6
148 6
153 48
fl=./string/../sysdeps/x86_64/multiarch/strlen.c
fn=strlen
29 3
fl=./string/../sysdeps/x86_64/multiarch/strncase.c
fn=strncasecmp
31 2
fl=./string/../sysdeps/x86_64/multiarch/strncase_l.c
fn=strncasecmp_l
31 2
fl=./string/../sysdeps/x86_64/multiarch/strncmp.c
fn=strncmp
41 4
42 3
44 2
49 3
52 3
66 2
fl=./string/../sysdeps/x86_64/multiarch/strncpy.c
fn=strncpy
29 3
fl=./string/../sysdeps/x86_64/multiarch/strnlen.c
fn=strnlen
31 6
fl=./string/../sysdeps/x86_64/multiarch/strpbrk.c
fn=strpbrk
29 2
fl=./string/../sysdeps/x86_64/multiarch/strrchr-avx2.S
fn=__strrchr_avx2
46 1
47 1
48 1
50 1
51 1
54 1
55 1
56 1
58 1
59 1
60 1
61 1
62 1
63 1
65 1
66 1
78 1
79 1
219 1
220 1
221 1
222 1
223 1
225 1
226 1
227 1
228 2
fl=./string/../sysdeps/x86_64/multiarch/strrchr.c
fn=rindex
28 3
fl=./string/../sysdeps/x86_64/multiarch/strspn.c
fn=strspn
29 2
fl=./string/../sysdeps/x86_64/strcmp.S
fn=strcmp
108 169
141 169
142 169
144 169
145 169
166 169
167 169
168 145
169 145
170 128
171 128
172 128
173 128
194 128
195 128
196 128
197 128
198 128
199 128
200 128
205 4
206 12
215 45
216 45
217 45
218 45
219 45
220 45
221 45
222 45
223 42
224 24
225 24
226 24
228 42
229 42
230 42
231 42
232 42
233 42
243 3
244 3
245 3
247 3
253 3
254 3
255 3
256 3
257 3
262 3
264 3
265 3
266 6
274 3
275 3
278 3
279 3
280 3
281 3
282 3
283 3
943 2
944 2
945 2
946 2
947 2
949 2
950 2
951 2
952 2
953 2
954 2
955 2
956 2
960 2
961 2
962 2
968 2
969 2
970 4
974 2
975 2
978 2
979 2
980 2
983 2
984 2
985 2
991 2
992 2
993 2
994 2
995 2
996 2
1068 9
1069 9
1070 9
1071 9
1072 9
1074 9
1075 9
1076 9
1077 9
1078 9
1079 9
1080 9
1081 1
1085 1
1086 1
1087 1
1093 1
1094 1
1095 2
1099 1
1100 1
1103 1
1104 1
1105 1
1108 1
1109 1
1110 1
1116 1
1117 1
1118 1
1119 1
1120 1
1121 1
1128 1
1129 1
1131 1
1132 1
1134 1
1135 1
1136 1
1139 1
1140 1
1141 1
1147 1
1148 1
1149 1
1150 1
1151 1
1152 1
1193 3
1194 3
1195 3
1196 3
1197 3
1199 3
1200 3
1201 3
1202 3
1203 3
1204 3
1205 3
1318 4
1319 4
1320 4
1321 4
1322 4
1324 4
1325 4
1326 4
1327 4
1328 4
1329 4
1330 4
1331 4
1335 4
1336 4
1337 4
1343 4
1344 4
1345 8
1349 4
1350 4
1353 4
1354 4
1355 4
1358 4
1359 4
1360 4
1366 4
1367 4
1368 4
1369 4
1370 4
1371 4
1443 2
1444 2
1445 2
1446 2
1447 2
1449 2
1450 2
1451 2
1452 2
1453 2
1454 2
1455 2
1456 2
1460 2
1461 2
1462 2
1468 2
1469 2
1470 4
1474 2
1475 2
1478 2
1479 2
1480 2
1483 2
1484 2
1485 2
1491 2
1492 2
1493 2
1494 2
1495 2
1496 2
1568 1
1569 1
1570 1
1571 1
1572 1
1574 1
1575 1
1576 1
1577 1
1578 1
1579 1
1580 1
1581 1
1585 1
1586 1
1587 1
1593 1
1594 1
1595 2
1599 1
1600 1
1603 1
1604 1
1605 1
1608 1
1609 1
1610 1
1616 1
1617 1
1618 1
1619 1
1620 1
1621 1
1693 3
1694 3
1695 3
1696 3
1697 3
1699 3
1700 3
1701 3
1702 3
1703 3
1704 3
1705 3
1706 2
1710 2
1711 2
1712 2
1718 2
1719 2
1720 4
1724 2
1725 2
1728 2
1729 2
1730 2
1733 2
1734 2
1735 2
1741 2
1742 2
1743 2
1744 2
1745 2
1746 2
1818 1
1819 1
1820 1
1821 1
1822 1
1824 1
1825 1
1826 1
1827 1
1828 1
1829 1
1830 1
1943 4
1944 4
1945 4
1946 4
1947 4
1949 4
1950 4
1951 4
1952 4
1953 4
1954 4
1955 4
1956 2
1960 2
1961 2
1962 2
1968 2
1969 2
1970 4
1974 2
1975 2
1978 2
1979 2
1980 2
1983 2
1984 2
1985 2
1991 2
1992 2
1993 2
1994 2
1995 2
1996 2
2068 13
2069 13
2070 13
2071 13
2072 13
2074 13
2075 13
2076 13
2077 13
2078 13
2079 13
2080 13
2082 7
2086 7
2087 7
2088 7
2094 7
2095 7
2097 14
2101 7
2102 7
2105 7
2106 7
2107 7
2110 7
2111 7
2112 7
2118 7
2119 7
2120 7
2121 7
2122 7
2123 7
2197 24
2199 45
2200 45
2201 45
2202 45
2203 48
2208 169
2214 169
2215 169
2223 169
2224 169
fl=./string/../sysdeps/x86_64/strcspn.S
fn=strcspn
25 1
27 1
34 1
35 1
37 1
38 1
39 1
40 1
41 33
44 3
51 1
52 1
53 1
54 1
56 1
57 1
58 1
59 1
61 1
62 1
63 1
72 3
84 15
86 15
87 15
88 15
90 15
91 15
92 15
94 14
95 14
96 14
98 14
99 14
100 14
104 1
106 1
113 1
117 1
fl=./string/./string/strdup.c
fn=strdup
40 10
41 4
44 4
47 8
48 6
fl=./time/../sysdeps/unix/sysv/linux/clock_gettime.c
fn=clock_gettime@@GLIBC_2.17
30 2
38 4
40 4
44 2
68 4
69 4
86 2
fl=./wcsmbs/../sysdeps/x86_64/multiarch/ifunc-avx2.h
fn=wcschr
32 4
33 10
34 6
36 4
37 4
40 6
43 8
fn=wcscmp
32 2
33 5
34 3
36 2
37 2
40 3
43 4
fl=./wcsmbs/../sysdeps/x86_64/multiarch/ifunc-evex.h
fn=wmemchr
34 4
35 10
36 6
38 4
39 4
41 4
47 6
50 8
fl=./wcsmbs/../sysdeps/x86_64/multiarch/ifunc-memcmp.h
fn=wmemcmp
34 4
35 3
36 2
37 3
39 2
40 2
43 3
46 3
fl=./wcsmbs/../sysdeps/x86_64/multiarch/ifunc-wcslen.h
fn=wcslen
33 2
34 4
35 3
37 2
38 2
41 3
44 3
fn=wcsnlen
33 2
34 4
35 3
37 2
38 2
41 3
44 3
fl=./wcsmbs/../sysdeps/x86_64/multiarch/ifunc-wmemset.h
fn=wmemset
33 10
34 6
36 4
44 6
47 8
fl=./wcsmbs/../sysdeps/x86_64/multiarch/wcschr.c
fn=wcschr
31 6
fl=./wcsmbs/../sysdeps/x86_64/multiarch/wcscmp.c
fn=wcscmp
30 3
fl=./wcsmbs/../sysdeps/x86_64/multiarch/wcscpy.c
fn=wcscpy
37 5
43 2
fl=./wcsmbs/../sysdeps/x86_64/multiarch/wcslen.c
fn=wcslen
29 3
fl=./wcsmbs/../sysdeps/x86_64/multiarch/wcsnlen.c
fn=wcsnlen
29 3
fl=./wcsmbs/../sysdeps/x86_64/multiarch/wmemchr.c
fn=wmemchr
31 4
fl=./wcsmbs/../sysdeps/x86_64/multiarch/wmemcmp.c
fn=wmemcmp
29 3
fl=./wcsmbs/../sysdeps/x86_64/multiarch/wmemset.c
fn=wmemset
31 4
fl=???
fn=(below main)
0 12
fn=???
0 2006252
fn=free_matrix
0 21045
fn=main
0 41032133
fn=make_matrix
0 18105
fn=matrix_multiply_run
0 9016012014
summary: 9098347021
